2,28,29,30,31,45,46,47,52,53,54,64,75,83,96,102,117,122,137,141,157,161,178,181,198,201,218,221,238,241,257,262,277,282,297,303,316,324,335,345,346,353,354,367,368,369,370,371,372
2,68,69,70,71,86,87,92,93,104,105,114,115,124,135,143,156,162,176,182,197,202,217,222,237,242,257,262,276,283,296,304,315,324,325,334,335,346,353,367,368,369,370,371,372
2,29,30,31,32,46,47,48,53,54,55,65,76,84,97,103,118,123,138,142,158,162,179,182,199,202,219,222,239,242,258,263,278,283,298,304,317,325,336,346,347,354,355,368,369,370,371,372,373
2,7,8,9,10,11,24,25,26,27,28,29,30,31,32,33,34,43,44,45,46,47,48,49,50,51,52,53,54,55,62,63,64,65,66,72,73,74,75,76,81,82,83,84,94,95,96,97,100,101,102,103,115,116,117,118,120,121,122,136,137,138,140,141,142,156,157,158,160,161,177,178,179,180,181,197,198,199,200,201,217,218,219,220,221,237,238,239,240,241,257,258,259,260,261,262,276,277,278,280,281,282,296,297,298,300,301,302,303,315,316,317,318,321,322,323,324,334,335,336,337,342,343,344,345,346,352,353,354,355,356,363,364,365,366,367,368,369,370,371,372,373,374,375,384,385,386,387,388,389,390,391,392,393,394
2,26,27,28,29,30,44,45,51,52,63,73,82,94,101,114,121,135,155,160,176,180,196,200,216,220,236,240,256,260,275,281,295,302,314,322,334,343,353,364,365,371,372,386,387,388,389,390
2,27,28,29,30,31,32,33,34,46,47,54,55,65,66,75,76,84,85,96,97,104,117,123,124,137,143,157,158,164,177,178,184,197,204,217,224,225,237,245,246,256,257,266,276,287,288,294,295,309,310,311,312,313
2,70,71,72,73,87,88,89,90,91,93,94,95,96,106,107,116,117,125,126,137,144,145,157,158,164,178,183,184,198,203,204,218,223,224,238,244,258,264,278,284,297,298,304,305,317,325,336,337,345,346,355,356,366,367,374,375,387,388,389,390,391,392,393
2,44,45,46,47,48,49,50,63,64,70,71,72,82,83,92,93,101,102,114,121,134,135,141,155,161,175,181,195,201,202,203,215,221,222,235,241,254,261,262,273,274,282,292,293,302,303,311,312,324,325,326,329,330,331,346,347,348,349
2,48,49,50,51,52,53,54,55,65,66,67,68,75,76,85,96,97,104,105,117,124,137,144,157,158,164,178,184,198,204,218,224,237,238,244,257,264,265,276,277,285,286,287,296,307,308,309,314,315,328,332,333,334,348,349,350,351,352
2,86,87,88,89,90,104,105,106,110,111,112,113,123,124,133,134,135,142,143,155,162,175,176,182,196,202,216,222,236,242,256,262,263,276,283,296,303,304,315,316,324,325,333,334,335,345,346,350,351,352,353,366,367,368,369,370
2,65,66,67,68,69,70,71,72,73,84,85,93,94,95,104,115,123,124,136,143,156,163,176,183,196,203,216,217,223,236,237,243,256,257,263,264,276,284,285,296,305,306,307,315,316,327,328,329,330,333,334,335,350,351,352,353
2,167,168,169,170,171,172,173,174,185,186,187,194,195,204,205,215,224,235,243,244,255,263,275,283,295,303,314,315,323,324,334,344,345,346,351,352,353,354,366,367,368,369,370,371,372
2,7,8,10,11,12,25,26,32,33,34,43,44,54,55,63,75,83,95,103,115,123,135,143,155,163,174,175,183,184,193,194,204,205,206,211,212,213,226,227,228,229,230,231
2,68,69,70,71,85,86,87,88,92,93,104,105,114,115,123,124,135,136,143,156,162,163,176,182,196,197,202,217,222,237,242,243,256,257,263,276,283,296,303,304,315,316,324,325,326,333,334,335,345,346,347,348,349,350,351,352,353
2,45,46,47,48,49,50,51,52,64,65,73,74,75,83,95,96,102,103,116,121,122,136,137,141,157,161,177,181,197,198,201,218,221,237,241,242,257,262,277,282,283,296,297,303,304,316,324,325,335,336,345,346,347,354,355,367,368,369,372,373,374,387,388,389,390,391,392
2,48,49,50,51,52,53,66,67,74,75,85,96,104,117,123,138,143,158,162,179,182,199,202,219,222,239,243,258,263,278,284,297,305,316,326,327,334,335,348,349,350,351,352,353
2,7,8,9,10,11,26,32,33,44,45,54,63,75,83,95,102,116,122,136,141,157,161,177,181,197,201,217,221,237,241,257,262,276,282,296,303,315,323,335,344,354,365,366,372,373,387,388,389,390,391
2,67,68,69,70,71,85,86,92,93,104,114,123,135,142,156,162,176,181,197,201,217,221,237,241,257,261,277,282,296,302,316,323,335,344,354,365,366,372,373,387,388,389,390,391
2,8,9,10,11,26,27,32,33,45,54,64,75,83,95,103,116,122,136,142,157,162,177,182,197,202,217,222,237,242,257,262,276,283,296,304,315,324,335,345,354,366,367,372,373,388,389,390,391
2,5,6,7,8,9,24,30,43,51,62,72,81,93,101,113,121,133,141,153,161,173,182,192,203,211,224,230,245,246,247,248,249
2,70,71,72,73,74,88,89,95,96,107,117,126,138,145,159,165,179,184,204,224,244,264,285,299,305,319,326,338,347,357,368,369,375,376,390,391,392,393,394
2,12,13,14,15,30,31,36,37,49,58,68,79,87,107,127,147,167,187,199,208,219,229,238,250,257,271,272,273,274,275,276
2,8,9,10,11,12,26,27,33,34,44,45,55,56,63,77,83,97,102,118,121,138,141,159,161,179,181,199,201,219,221,239,241,258,262,278,283,297,303,317,324,325,335,336,346,354,367,368,369,370,371,372,373
2,49,50,51,52,66,67,68,73,74,75,85,96,104,117,123,138,143,158,162,178,182,199,202,219,222,239,242,259,262,278,283,298,303,318,324,337,345,356,366,367,374,375,388,389,390,391,392,393
2,6,7,8,9,10,24,25,31,32,43,53,62,74,81,95,101,115,120,136,140,156,160,176,180,196,200,216,221,235,241,255,262,274,283,293,304,305,311,312,326,327,328,329,330
2,27,28,29,30,45,46,51,52,64,73,83,94,102,115,135,141,156,161,176,181,196,201,216,221,236,241,255,262,275,283,294,304,313,325,332,346,347,348,349,350
2,30,31,32,33,48,49,54,55,67,76,86,97,105,118,125,138,144,159,164,179,184,199,204,219,224,239,244,259,265,278,285,298,306,317,327,336,348,349,354,355,370,371,372,373
2,6,7,8,9,10,11,24,25,26,27,28,29,30,31,32,33,43,44,45,46,47,48,49,50,51,52,53,54,62,63,64,65,66,71,72,73,74,75,81,82,83,84,93,94,95,96,101,102,103,114,115,116,120,121,122,123,134,135,136,137,140,141,142,155,156,157,160,161,162,175,176,177,180,181,182,195,196,197,200,201,202,215,216,217,220,221,222,223,234,235,236,237,241,242,243,254,255,256,261,262,263,264,273,274,275,276,282,283,284,285,286,291,292,293,294,295,303,304,305,306,307,308,309,310,311,312,313,314,324,325,326,327,328,329,330,331,332,333,346,347,348,349,350,351
2,48,49,50,51,52,66,67,68,69,70,71,72,73,74,75,84,85,86,87,88,89,90,91,92,93,94,95,96,103,104,105,106,107,113,114,115,116,117,123,124,125,135,136,137,138,142,143,144,145,156,157,158,162,163,164,176,177,178,181,182,183,197,198,199,201,202,203,217,218,219,221,222,223,237,238,239,241,242,243,257,258,259,261,262,263,277,278,279,282,283,284,296,297,298,302,303,304,305,316,317,318,323,324,325,326,334,335,336,337,343,344,345,346,347,353,354,355,356,357,364,365,366,367,368,369,370,371,372,373,374,375,376,386,387,388,389,390,391,392,393,394
2,50,51,52,53,54,55,67,68,69,70,71,72,73,74,75,76,77,85,86,87,88,89,90,95,96,97,98,105,106,107,117,118,124,125,126,137,138,139,143,144,145,158,159,163,164,178,179,183,184,198,199,202,203,204,218,219,222,223,224,238,239,243,244,258,259,263,264,265,278,279,284,285,298,299,304,305,306,317,318,319,325,326,327,336,337,338,346,347,348,349,350,353,354,355,356,357,367,368,369,370,371,372,373,374,375,376,390,391,392,393
2,25,26,27,28,29,30,31,32,33,44,45,46,47,48,49,50,51,52,53,54,63,64,65,73,74,75,82,83,84,94,95,102,103,114,115,116,122,123,135,136,142,143,144,155,156,163,164,175,176,183,184,195,196,203,204,214,215,216,223,224,225,234,235,244,245,246,253,254,255,265,266,267,272,273,274,286,287,288,289,290,291,292,293,307,308,309,310,311,312
2,7,8,9,10,11,12,25,26,27,28,29,30,31,32,33,34,44,45,46,47,50,52,53,54,55,64,65,74,75,76,82,83,84,85,95,96,101,102,103,104,115,116,121,122,123,124,133,134,135,136,141,142,143,144,154,155,156,161,162,163,174,175,176,181,182,194,195,196,201,202,203,214,215,216,222,223,234,235,236,242,243,253,254,255,256,262,263,264,273,274,275,282,283,284,285,292,293,294,295,303,304,305,306,311,312,313,314,324,325,326,327,328,329,330,331,332,333,345,346,347,348,349,350,351,352,366,367,368,369,370,388,389
2,5,6,7,8,9,10,11,12,13,24,25,26,27,28,29,30,31,32,33,34,35,36,43,44,45,53,54,55,56,57,62,63,64,76,77,78,82,83,97,98,101,102,103,117,118,119,121,122,138,139,140,141,142,158,159,160,161,178,179,180,181,198,199,200,201,217,218,219,220,221,237,238,240,241,257,258,260,261,262,277,278,281,282,297,298,301,302,303,316,317,318,322,323,324,335,336,337,343,344,345,346,354,355,356,357,364,365,366,367,368,369,370,371,372,373,374,375,376,386,387,388,389,390,391,392,393,394,395
2,4,5,6,7,8,9,10,11,12,13,22,23,24,25,26,27,28,29,30,31,32,33,34,41,42,43,44,53,54,55,60,61,62,74,75,80,81,94,95,96,100,101,115,116,120,135,136,140,155,156,160,175,176,177,180,195,196,197,200,215,216,220,235,236,240,254,255,256,260,274,275,280,293,294,295,300,313,314,320,332,333,334,340,341,345,346,347,348,349,350,351,352,353,360,361,362,363,364,365,366,367,368,369,370,371,372,381,382,383,384,385
2,30,31,32,33,34,35,36,48,49,50,56,57,58,67,68,78,86,87,98,106,118,119,126,139,146,159,166,179,186,199,206,219,226,227,237,238,239,247,257,258,267,268,276,277,288,289,290,294,295,296,310,311,312,313,314
2,46,47,48,49,65,66,67,68,69,70,71,72,85,86,89,90,91,92,93,103,104,112,113,114,123,134,135,142,143,155,161,162,175,176,182,194,195,196,202,214,215,216,222,234,235,236,242,243,254,255,263,273,274,275,284,293,294,304,305,312,313,314,325,326,327,329,330,331,332,333,346,347,348,349,350,351
2,49,50,51,52,53,54,55,67,68,69,70,75,76,77,86,87,88,98,105,106,107,118,119,124,125,126,139,143,144,145,146,159,163,164,165,179,183,184,199,203,204,219,223,224,243,244,259,263,264,279,284,285,299,304,305,306,318,319,324,325,326,337,338,345,346,347,354,355,356,357,358,365,367,368,369,370,371,372,373,374,375
2,44,45,46,47,48,49,62,63,64,70,71,81,82,91,92,101,112,121,133,140,141,153,160,173,180,193,200,213,220,233,240,241,252,253,261,272,281,282,291,292,302,303,309,310,311,323,324,325,326,327,328,329,330,341,342,343,344,345,346,347,348,362,363,364,365
2,48,49,50,51,52,53,54,67,68,74,75,86,95,96,105,116,117,125,137,144,158,164,178,184,198,204,218,224,238,244,258,264,265,278,285,286,297,306,311,316,317,327,328,329,330,331,335,336,348,349,350,351,352,353,354
2,10,11,26,27,28,29,30,31,32,33,34,45,46,54,55,63,64,75,76,82,83,96,102,116,121,122,136,141,156,161,175,176,181,195,201,215,216,221,236,241,256,261,262,276,282,296,303,304,315,316,324,325,326,331,332,334,335,346,347,348,349,350,351,352,353,354,367,368,369,370,371
2,29,48,49,52,53,54,55,56,57,67,68,70,71,72,73,74,75,76,77,87,88,89,97,98,107,108,118,119,126,127,139,146,147,159,166,167,186,187,206,207,226,227,228,247,248,249,267,279,288,299,308,309,319,329,330,331,338,351,352,353,354,355,356,357,358,372,373,374,375,376
2,3,4,5,6,11,12,22,23,32,33,41,54,61,74,75,80,81,95,100,115,120,121,135,141,154,161,174,181,182,193,202,203,207,211,212,213,223,224,225,226,227,228,229,230,231
2,7,8,9,14,15,16,26,27,37,38,46,58,66,78,86,98,106,119,126,138,139,146,158,166,178,186,187,198,207,217,218,227,228,229,236,237,249,250,254,255,256,270,271,272,273,274
2,106,107,108,109,110,111,112,113,125,126,133,134,135,144,145,155,156,163,164,176,177,183,197,203,217,223,238,243,258,263,278,283,298,303,317,318,323,324,337,344,345,357,365,366,372,375,376,386,387,388,389,390,391,392,393,394,395
2,66,67,68,69,70,71,72,85,86,93,103,104,113,114,121,122,134,141,155,160,175,180,195,196,200,216,220,235,240,255,260,261,275,281,294,295,302,303,314,323,324,325,328,329,330,333,334,346,347,348,349,350,351,352,353
2,66,67,68,69,70,71,72,73,74,75,85,86,95,96,104,117,123,124,138,143,158,162,178,182,198,202,218,222,238,242,243,257,258,263,276,277,284,295,296,304,305,314,315,325,326,327,328,329,330,331,332,333,334,348
2,47,48,49,50,51,66,71,72,73,85,93,104,105,114,124,135,144,155,164,175,184,195,204,205,215,225,226,233,234,246,253,267,272,273,288,289,290,291,292
2,23,24,25,26,27,28,29,30,42,50,51,61,72,81,93,101,113,120,133,140,154,160,174,180,194,201,214,221,234,241,253,261,262,273,282,292,303,304,312,324,325,326,327,328,330,331,346,347,348,349
2,70,71,72,73,74,87,88,89,95,96,106,117,118,126,138,145,158,165,179,185,199,205,218,225,238,245,258,265,267,277,286,287,296,306,307,315,327,328,329,330,331,332,333,334
1,0,1,2,3,4,5,6,7,8,9,10,11,12,13,14,15,16,17,18,19,20,39,40,59,60,79,80,99,100,119,120,139,140,159,160,179,180,199,200,219,220,239,240,259,260,279,280,299,300,319,320,339,340,359,360,379,380,381,382,383,384,385,386,387,388,389,390,391,392,393,394,395,396,397,398,399
1,104,105,106,107,108,109,110,111,112,113,114,124,134,144,154,164,174,184,194,204,214,224,234,244,254,264,274,284,294,304,305,306,307,308,309,310,311,312,313,314
1,9,10,11,12,13,14,15,16,17,18,19,29,39,49,59,69,79,89,99,109,119,129,139,149,159,169,179,189,199,209,210,211,212,213,214,215,216,217,218,219
1,85,86,87,88,89,90,91,92,93,94,95,96,97,98,105,118,125,138,145,158,165,178,185,198,205,218,225,238,245,258,265,278,285,298,305,318,325,338,345,346,347,348,349,350,351,352,353,354,355,356,357,358
1,7,8,9,10,11,12,13,14,15,16,17,18,19,27,39,47,59,67,79,87,99,107,119,127,139,147,159,167,179,187,199,207,219,227,239,247,259,267,279,287,299,307,319,327,339,347,359,367,368,369,370,371,372,373,374,375,376,377,378,379
1,20,21,22,23,24,25,26,27,28,29,30,31,32,33,34,35,40,55,60,75,80,95,100,115,120,135,140,155,160,175,180,195,200,215,220,235,240,255,260,275,280,295,300,315,320,321,322,323,324,325,326,327,328,329,330,331,332,333,334,335
1,24,25,26,27,28,29,30,31,32,33,34,35,36,37,38,44,58,64,78,84,98,104,118,124,138,144,158,164,178,184,198,204,218,224,238,244,258,264,278,284,298,304,318,324,338,344,358,364,365,366,367,368,369,370,371,372,373,374,375,376,377,378
1,0,1,2,3,4,5,6,7,8,9,10,20,30,40,50,60,70,80,90,100,110,120,130,140,150,160,170,180,190,200,210,220,230,240,250,260,270,280,290,300,310,320,330,340,350,360,370,380,381,382,383,384,385,386,387,388,389,390
1,5,6,7,8,9,10,11,12,13,14,15,16,17,18,25,38,45,58,65,78,85,98,105,118,125,138,145,158,165,178,185,198,205,218,225,238,245,258,265,266,267,268,269,270,271,272,273,274,275,276,277,278
1,31,32,37,38,42,43,44,45,46,47,48,49,50,51,52,53,54,55,56,57,58,62,77,82,97,102,103,117,122,123,137,143,157,163,177,182,183,197,202,217,222,237,242,257,262,277,282,297,302,317,322,337,342,343,344,357,362,363,364,365,366,367,368,369,370,371,372,373,377,393,394,395,396,397
1,83,84,85,86,103,106,107,108,109,110,111,112,113,114,115,122,123,133,135,142,143,155,162,174,182,194,202,214,222,234,242,254,262,274,282,293,294,302,313,322,333,343,344,345,346,347,348,349,350,351,352,353
1,3,23,24,25,26,38,43,47,48,49,50,51,52,53,54,58,62,63,74,75,76,77,78,82,98,102,118,122,138,142,158,162,178,182,197,198,202,217,218,222,237,238,242,257,262,277,282,297,302,317,322,337,342,357,362,363,364,365,376,377,378,385,386,387,388,389,390,391,392,393,394,395,396
1,104,105,106,107,108,109,110,123,124,130,131,132,133,134,135,143,155,156,163,176,183,196,203,216,223,236,243,256,263,276,283,295,296,303,315,323,324,325,326,327,328,334,335,348,349,350,351,352,353,354
1,89,90,91,92,103,104,105,106,107,108,113,114,115,116,117,123,137,143,157,163,177,183,197,203,216,223,236,243,256,263,276,283,295,296,303,304,305,306,307,308,309,310,315,331,332,333,334,335
1,45,46,47,48,49,64,65,69,70,71,72,73,74,75,76,77,78,79,84,99,104,118,124,138,144,158,164,178,184,197,204,217,224,237,244,257,264,277,284,297,304,305,306,307,317,328,329,330,331,332,333,334,335,336,337
1,83,84,85,86,87,88,89,90,91,92,93,94,95,96,97,103,117,123,137,143,157,163,177,183,197,203,217,223,237,243,257,263,277,283,297,303,317,323,337,343,357,363,364,365,366,367,368,369,370,371,372,373,374,375,376,377
1,21,22,23,24,25,26,27,28,29,30,31,32,33,34,35,36,37,41,57,61,77,81,97,101,117,121,137,141,157,161,177,181,197,201,217,221,237,241,257,261,277,281,297,301,317,321,322,323,324,325,326,327,328,329,330,331,332,333,334,335,336,337
1,62,63,64,65,66,67,68,69,70,71,72,73,74,75,76,77,78,82,98,102,118,122,138,142,158,162,178,182,198,202,218,222,238,242,258,262,278,282,298,302,318,322,338,342,358,362,378,382,383,384,385,386,387,388,389,390,391,392,393,394,395,396,397,398
1,1,2,3,4,5,6,7,8,9,10,11,12,13,14,15,16,17,18,21,38,41,58,61,78,81,98,101,118,121,138,141,158,161,178,181,198,201,218,221,238,241,258,261,278,281,298,301,318,321,338,341,342,343,344,345,346,347,348,349,350,351,352,353,354,355,356,357,358
1,1,2,3,4,5,6,7,8,9,10,11,12,13,14,15,16,17,21,37,41,57,61,77,81,97,101,117,121,137,141,157,161,177,181,197,201,217,221,237,241,257,261,277,281,297,301,317,321,322,323,324,325,326,327,328,329,330,331,332,333,334,335,336,337
1,41,42,43,44,45,46,47,48,49,50,51,52,53,54,55,56,57,58,59,61,79,81,99,101,119,121,139,141,159,161,179,181,199,201,219,221,239,241,259,261,279,281,299,301,319,321,339,341,359,361,362,363,364,365,366,367,368,369,370,371,372,373,374,375,376,377,378,379
1,40,41,42,43,44,45,46,47,48,49,50,51,52,53,54,55,56,57,60,77,80,97,100,117,120,137,140,157,160,177,180,197,200,217,220,237,240,257,260,277,280,297,300,317,320,337,340,357,360,377,380,381,382,383,384,385,386,387,388,389,390,391,392,393,394,395,396,397
1,2,3,4,5,6,7,8,9,10,11,12,13,14,15,16,17,18,22,38,42,58,62,78,82,98,102,118,122,138,142,158,162,178,182,198,202,218,222,238,242,258,262,278,282,298,302,318,322,323,324,325,326,327,328,329,330,331,332,333,334,335,336,337,338
1,41,42,43,44,45,46,47,48,49,50,51,52,53,54,55,56,57,58,61,78,81,98,101,118,121,138,141,158,161,178,181,198,201,218,221,238,241,258,261,278,281,298,301,318,321,338,341,358,361,378,381,382,383,384,385,386,387,388,389,390,391,392,393,394,395,396,397,398
1,40,41,42,43,44,45,46,47,48,49,50,51,52,53,54,55,56,57,60,61,62,63,64,65,66,67,68,69,70,71,72,73,74,75,76,77,80,81,82,83,84,85,86,87,88,89,90,91,92,93,94,95,96,97,100,101,115,116,117,120,121,135,136,137,140,141,155,156,157,160,161,175,176,177,180,181,195,196,197,200,201,215,216,217,220,221,235,236,237,240,241,255,256,257,260,261,275,276,277,280,281,295,296,297,300,301,315,316,317,320,321,335,336,337,340,341,355,356,357,360,361,362,363,364,365,366,367,368,369,370,371,372,373,374,375,376,377,380,381,382,383,384,385,386,387,388,389,390,391,392,393,394,395,396,397
1,1,2,3,4,5,6,7,8,9,10,11,12,13,14,15,16,17,18,19,21,22,23,24,25,26,27,28,29,30,31,32,33,34,35,36,37,38,39,41,42,43,58,59,61,62,63,78,79,81,82,83,98,99,101,102,103,118,119,121,122,123,138,139,141,142,143,158,159,161,162,163,178,179,181,182,183,198,199,201,202,203,218,219,221,222,223,238,239,241,242,243,258,259,261,262,263,278,279,281,282,283,298,299,301,302,303,304,305,306,307,308,309,310,311,312,313,314,315,316,317,318,319,321,322,323,324,325,326,327,328,329,330,331,332,333,334,335,336,337,338,339,341,342,343,344,345,346,347,348,349,350,351,352,353,354,355,356,357,358,359
1,41,42,43,44,45,46,47,48,49,50,51,52,53,54,55,56,57,58,59,61,62,63,64,65,66,67,68,69,70,71,72,73,74,75,76,77,78,79,81,82,83,84,85,86,87,88,89,90,91,92,93,94,95,96,97,98,99,101,102,103,117,118,119,121,122,123,137,138,139,141,142,143,157,158,159,161,162,163,177,178,179,181,182,183,197,198,199,201,202,203,217,218,219,221,222,223,237,238,239,241,242,243,257,258,259,261,262,263,277,278,279,281,282,283,297,298,299,301,302,303,317,318,319,321,322,323,337,338,339,341,342,343,357,358,359,361,362,363,364,365,366,367,368,369,370,371,372,373,374,375,376,377,378,379,381,382,383,384,385,386,387,388,389,390,391,392,393,394,395,396,397,398,399
1,43,44,45,46,47,48,49,50,51,52,53,54,55,56,57,58,63,64,65,66,67,68,69,70,71,72,73,74,75,76,77,78,83,84,85,86,87,88,89,90,91,92,93,94,95,96,97,98,103,104,105,116,117,118,123,124,125,136,137,138,143,144,145,156,157,158,163,164,165,176,177,178,183,184,185,196,197,198,203,204,205,216,217,218,223,224,225,236,237,238,243,244,245,256,257,258,263,264,265,276,277,278,283,284,285,296,297,298,303,304,305,316,317,318,323,324,325,336,337,338,343,344,345,346,347,348,349,350,351,352,353,354,355,356,357,358,363,364,365,366,367,368,369,370,371,372,373,374,375,376,377,378,383,384,385,386,387,388,389,390,391,392,393,394,395,396,397,398
1,2,3,4,5,6,7,8,9,10,11,12,13,14,15,16,17,18,19,22,23,24,25,26,27,28,29,30,31,32,33,34,35,36,37,38,39,42,43,44,57,58,59,62,63,64,77,78,79,82,83,84,97,98,99,102,103,104,117,118,119,122,123,124,137,138,139,142,143,144,157,158,159,162,163,164,177,178,179,182,183,184,197,198,199,202,203,204,217,218,219,222,223,224,237,238,239,242,243,244,257,258,259,262,263,264,277,278,279,282,283,284,297,298,299,302,303,304,317,318,319,322,323,324,325,326,327,328,329,330,331,332,333,334,335,336,337,338,339,342,343,344,345,346,347,348,349,350,351,352,353,354,355,356,357,358,359,362,363,364,365,366,367,368,369,370,371,372,373,374,375,376,377,378,379
1,62,63,82,83,84,85,86,90,91,92,93,94,95,96,97,102,107,108,109,117,122,137,142,156,162,176,182,196,202,216,222,236,242,255,262,275,282,295,302,303,304,305,306,307,308,309,310,311,312,313,314,315,335,336
1,23,24,25,43,45,46,47,48,49,50,51,52,53,54,55,56,57,58,63,78,83,98,103,118,123,138,143,158,163,178,184,198,204,217,224,237,244,257,264,270,271,272,273,274,275,276,277,278,284,285,286,287,288,289,297
1,4,5,6,7,8,9,10,11,12,22,23,33,34,35,36,37,38,42,58,62,78,82,98,102,118,121,122,138,141,158,161,178,181,198,201,218,221,238,241,258,261,278,281,298,301,302,303,316,317,318,321,324,325,326,327,328,329,330,331,332,333,334,335,336,341,342
1,20,21,22,23,24,25,26,27,28,29,30,31,32,33,34,35,36,37,40,57,60,77,80,97,100,117,120,137,140,157,160,161,177,181,197,201,217,221,237,241,258,261,262,278,282,298,302,318,322,323,324,328,329,330,331,332,333,334,335,336,337,338,344,345,346,347,348,357,358
1,21,22,23,24,25,26,27,28,29,33,41,49,50,51,52,53,54,55,56,57,61,77,81,97,101,117,121,137,141,157,161,177,181,197,200,201,217,220,237,240,257,260,277,280,297,300,317,320,337,340,341,342,343,344,345,346,347,348,349,350,351,352,353,354,356,357,375
1,84,85,86,87,88,89,90,91,92,93,94,95,96,97,104,117,124,137,144,157,164,165,177,185,197,205,217,225,237,245,257,265,277,285,286,297,306,317,326,327,328,329,330,331,332,333,334,335,336,337,338,357
1,42,43,44,45,46,47,48,49,50,51,52,53,54,55,56,57,58,62,78,82,98,102,118,122,138,142,158,162,178,182,198,202,218,222,238,242,257,262,277,282,297,302,317,322,337,338,343,344,345,346,347,353,354,355,356,357,358,368,369,370,371,372,377,397
1,45,46,47,48,49,50,51,55,56,57,63,64,65,71,72,73,74,75,78,79,83,99,102,119,122,139,142,159,162,179,182,199,202,219,222,239,242,259,262,279,282,299,302,303,318,323,324,325,326,327,328,329,334,335,336,337,338,350,351,352,353,358
1,41,42,43,44,45,46,47,48,49,50,51,52,53,54,55,56,57,61,77,81,97,101,117,121,137,141,157,161,177,181,197,201,217,221,237,241,257,261,277,281,297,302,303,304,305,306,307,308,309,310,311,312,313,314,315,316,317,336
1,126,127,128,129,130,131,132,146,152,153,154,155,156,157,158,159,166,186,199,206,219,226,239,246,259,266,279,286,299,306,319,326,339,346,358,366,367,368,369,370,371,378,391,392,393,394,395,396,397,398
1,3,4,5,6,16,17,18,23,26,27,28,29,30,31,32,33,34,35,36,38,44,58,64,78,84,98,104,117,124,137,144,157,163,164,177,183,197,203,217,223,224,225,226,227,228,237,249,250,251,252,253,254,255,256,257
1,1,2,3,4,5,6,7,8,9,10,11,21,31,32,33,34,35,36,41,56,61,76,81,96,101,116,121,135,140,141,155,160,175,180,195,200,215,220,235,240,254,255,260,261,262,263,264,265,266,267,271,272,273,274,283,287,288,289,290
1,42,43,44,45,46,47,48,49,50,62,71,72,73,74,75,76,77,78,82,98,99,101,102,118,121,138,141,158,161,178,181,198,201,218,221,238,241,258,261,278,281,298,301,318,320,321,322,323,324,336,337,338,345,346,347,348,349,350,351,352,353,354,355,357
1,23,24,43,44,45,46,47,48,49,50,51,52,53,54,55,56,57,58,63,78,79,83,98,99,103,118,123,138,143,158,163,178,183,198,203,218,223,238,243,258,263,278,283,298,303,318,323,324,325,326,327,328,329,330,331,332,333,334,335,336,337,338
1,85,86,87,105,108,109,110,111,112,113,114,115,116,117,125,137,145,157,165,177,185,197,205,216,225,236,245,256,265,276,285,296,305,315,316,325,326,327,328,329,330,331,332,333,335,336,351,352,353,354,355
1,45,46,47,48,49,50,51,64,65,66,67,68,69,70,71,72,73,74,75,76,77,78,79,84,85,91,92,93,94,95,96,97,98,99,104,105,119,124,125,139,143,144,145,158,159,163,164,178,179,183,184,198,199,203,204,218,219,223,224,238,239,243,244,257,258,259,262,263,264,277,278,282,283,297,298,302,303,317,318,322,323,324,325,326,327,328,329,330,331,337,338,343,344,345,346,347,348,349,350,351,352,353,354,355,356,357,358,371,372,373,374,375,376,377
1,40,41,42,43,44,45,46,47,48,49,50,51,52,53,54,55,56,60,61,62,63,64,65,66,67,68,69,70,71,72,73,74,75,76,80,81,95,96,100,101,115,116,120,121,135,136,140,141,155,156,160,161,175,176,180,181,195,196,200,201,214,215,216,220,221,234,235,240,241,254,255,260,261,274,275,280,281,294,295,300,314,315,320,333,334,335,340,341,342,343,344,345,346,347,348,349,350,351,352,353,354,355,360,361,362,363,364,365,366,367,368,369,370,371,372,373
1,7,8,9,10,11,12,13,14,15,16,17,18,27,28,29,30,31,32,33,34,35,36,37,38,39,47,48,58,59,67,68,78,79,87,88,98,99,107,108,118,119,127,128,138,139,147,148,158,159,167,168,178,179,187,188,198,199,207,208,218,219,227,228,238,239,247,248,258,259,267,268,278,279,287,288,297,298,299,309,310,311,312,317,318,330,331,332,333,334,335,336,337,338,352,353,354,355,356,357
1,10,11,12,13,14,15,16,17,23,24,25,26,27,28,29,30,31,32,33,34,35,36,37,38,42,43,44,45,46,47,48,49,50,53,57,58,62,63,77,78,82,83,97,98,102,103,117,118,122,123,136,137,138,142,143,156,157,162,163,176,177,182,183,196,197,202,203,216,217,222,223,236,237,242,243,256,257,262,263,276,277,282,283,294,295,296,297,302,303,304,305,306,307,308,310,311,312,313,314,315,323,324,325,326,327,328,329,330,331,332,333,348,349
1,42,43,44,45,46,62,63,64,65,66,67,68,69,70,71,72,73,74,75,76,82,83,86,87,88,89,90,91,92,93,94,95,96,97,98,102,103,116,117,118,121,122,123,137,138,141,142,157,158,161,162,177,178,181,182,197,198,201,202,217,218,221,222,237,238,241,242,257,258,261,262,277,278,281,282,297,298,300,301,302,316,317,318,320,321,335,336,337,338,340,341,342,343,344,345,346,347,348,349,350,351,352,353,354,355,356,361,362,363,364,365,366,367,368,369,370,371,372,373,374
3,98,117,118,125,126,136,146,155,167,174,188,193,208,209,213,230,231,232,251,252,270,273,290,294,295,309,315,328,336
3,23,35,36,43,54,64,73,84,93,105,112,126,131,147,150,168,169,187,188,207,209,226,230,244,245,251,263,272,282,283,292,301,302,313,321
3,39,47,59,67,68,78,88,89,97,98,109,116,130,135,151,155,172,174,192,193,213,233,234,252,254,272,275,291,296,310,311,317,330,337,338,358
3,22,42,43,52,53,63,64,72,84,91,92,104,105,110,111,125,126,129,130,146,147,148,149,167,186,187,188,205,206,208,224,225,228,229,243,244,249,250,262,263,270,281,282,290,291,301,311,332
3,69,89,90,97,109,110,116,117,130,131,135,136,150,151,154,155,171,173,174,191,192,193,194,212,213,232,233,251,252,253,270,271,272,273,289,290,293,309,310,313,328,329,333,347,348,353,354,368,374
3,18,25,26,37,38,46,57,66,76,77,86,87,95,96,107,115,127,128,134,135,148,149,153,154,169,170,173,190,192,193,211,212,231,232,251,252,253,270,273,289,293,308,314,327,334,335,345,346,347,355,365,376
3,5,6,25,26,45,46,47,56,57,58,66,67,75,76,77,86,87,88,94,95,96,107,108,114,115,127,128,129,133,134,135,148,149,152,153,154,168,169,170,172,173,189,190,191,192,193,210,211,212,230,231,232,249,250,251,252,269,270,271,272,273,288,289,290,292,293,307,308,309,312,313,314,326,327,328,333,334,335,345,346,347,354,355,356,365,366,375,376,377,385,386
3,21,22,23,32,33,42,43,51,52,53,62,63,71,72,82,83,84,90,91,92,103,104,110,111,123,124,125,129,130,131,144,145,146,148,149,150,165,166,167,168,169,185,186,187,188,205,206,207,225,226,227,245,246,247,248,264,265,266,267,268,283,284,285,287,288,289,303,304,308,309,322,323,324,328,329,330,341,342,343,349,350,351,360,361,362,370,371,380,381,390,391,392
3,37,56,57,58,66,67,75,76,77,86,87,88,94,95,96,107,108,113,114,115,127,128,129,132,133,134,148,149,150,152,153,169,170,171,172,173,190,191,192,210,211,212,229,230,231,232,233,249,250,252,253,268,269,270,272,273,288,289,292,293,294,307,308,309,313,314,326,327,328,333,334,335,346,347,354,355,374,375
3,0,1,2,13,14,15,21,22,23,33,34,42,43,44,52,53,54,63,64,65,71,72,73,84,85,86,90,91,92,105,106,110,111,125,126,127,129,130,131,146,147,148,149,150,167,168,169,187,188,189,190,205,206,207,208,209,210,211,225,226,230,231,232,244,245,246,251,252,253,263,264,265,272,273,282,283,284,292,293,294,301,302,303,313,314,321,322
3,6,7,8,17,18,19,27,28,29,37,38,48,49,56,57,58,68,69,70,76,77,89,90,91,95,96,97,110,111,112,114,115,116,131,132,133,134,135,151,152,153,154,172,173,192,193,211,212,213,214,230,231,232,233,234,250,251,253,254,255,269,270,271,274,275,288,289,290,294,295,296,308,309,315,316,327,328,329,335,336,337,346,347,348,356,357,358,365,366,367,377,378,386
3,2,22,23,35,36,37,42,43,54,55,56,62,63,64,73,74,75,83,84,85,92,93,94,104,105,111,112,113,124,125,126,130,131,132,145,146,147,149,150,151,166,167,168,169,170,186,187,188,189,206,207,208,209,210,224,225,226,227,228,229,230,231,244,245,250,251,252,262,263,264,265,271,272,273,281,282,283,292,293,300,301,302,312,313,314,320,321,333,340
3,38,39,58,59,77,78,79,89,90,97,98,109,110,116,117,118,129,130,131,136,137,150,151,152,155,156,157,171,172,174,175,176,191,192,193,194,195,212,213,214,215,232,233,234,252,253,254,271,272,273,274,275,291,292,294,295,310,311,312,314,315,316,330,331,335,336,337,349,350,351,356,357,358,369,370,377,378,389,390,397,398
3,7,8,18,19,27,28,29,37,38,39,48,49,50,56,57,58,69,70,76,77,89,90,91,95,96,97,110,111,112,114,115,116,131,132,133,134,135,151,152,153,154,172,173,174,191,192,193,194,195,211,212,214,215,216,230,231,232,235,236,237,249,250,251,256,257,269,270,276,277,278,288,289,290,297,298,299,307,308,309,318,319,326,327,328,338,339,346,347,359
3,0,1,20,21,31,32,33,40,41,42,51,52,61,62,70,71,72,81,82,90,91,101,102,103,108,109,110,111,122,123,128,129,142,143,144,147,148,149,163,164,165,166,167,168,184,185,186,187,204,205,206,207,224,225,226,227,244,245,246,263,264,265,266,267,283,284,286,287,302,303,304,306,307,308,321,322,323,327,328,340,341,342,347,348,349,360,361,368,369,380
3,37,38,42,43,56,57,58,62,63,64,75,76,77,83,84,85,94,95,96,104,105,106,113,114,115,125,126,127,132,133,134,146,147,151,152,153,166,167,168,171,172,187,188,189,190,191,192,208,209,210,211,229,230,231,232,248,249,250,251,252,253,267,268,269,272,273,286,287,288,292,293,294,305,306,307,313,314,315,324,325,326,334,335,336,337,343,344,345,355,356,357,358,364,377,378
3,37,38,39,40,41,56,57,58,59,60,61,62,63,74,75,76,77,78,79,80,81,82,83,84,85,93,94,95,96,97,98,99,100,101,102,103,104,105,106,112,113,114,115,116,117,118,119,120,121,122,123,124,125,126,127,128,131,132,133,134,135,136,137,138,141,142,143,144,145,146,147,148,149,150,151,152,153,154,155,156,162,163,164,165,166,167,168,169,170,171,172,173,174,175,184,185,186,187,188,189,190,191,192,193,194,205,206,207,208,209,210,211,212,213,214,215,224,225,226,227,228,229,230,231,232,233,234,235,236,237,243,244,245,246,247,248,249,250,251,252,253,254,255,256,257,258,262,263,264,265,266,267,268,269,271,272,273,274,275,276,277,278,279,280,281,282,283,284,285,286,287,293,294,295,296,297,298,299,300,301,302,303,304,305,306,315,316,317,318,319,320,321,322,323,324,325,336,337,338,339,340,341,342,343,344,358,359,360,361,362,380,381
3,44,45,46,47,64,65,66,67,84,85,86,87,88,99,105,106,107,108,117,118,119,126,127,128,129,136,137,138,139,146,147,148,149,150,154,155,156,157,158,159,167,168,169,170,171,174,175,176,177,178,188,189,190,191,192,193,194,195,196,197,208,209,210,211,212,213,214,215,216,229,230,231,232,233,234,248,249,250,251,252,253,254,267,268,269,270,271,272,273,274,275,284,285,286,287,288,289,290,292,293,294,295,296,303,304,305,306,307,308,309,313,314,315,316,317,323,324,325,326,327,328,333,334,335,336,337,343,344,345,346,354,355,356,357,374,375,376,377
3,40,41,42,43,60,61,62,63,75,76,77,80,81,82,83,84,94,95,96,97,101,102,103,104,105,114,115,116,117,122,123,124,125,132,133,134,135,136,137,142,143,144,145,146,150,151,152,153,154,155,156,163,164,165,166,167,169,170,171,172,173,174,175,184,185,186,187,188,189,190,191,192,193,194,204,205,206,207,208,209,210,211,212,225,226,227,228,229,230,231,245,246,247,248,249,250,264,265,266,267,268,269,270,271,283,284,285,286,287,288,289,290,291,292,302,303,304,305,306,307,308,309,310,311,312,313,321,322,323,324,325,329,330,331,332,333,334,340,341,342,343,344,345,350,351,352,353,354,355,360,361,362,363,364,371,372,373,374,375,380,381,382,383,392,393,394,395
3,89,109,118,129,137,150,156,170,175,190,194,210,213,231,232,251,270,271,289,292,307,308,312,326,327,333,345,346,354
3,104,125,146,152,153,154,166,171,187,190,207,209,228,247,248,265,266,268,284,289,303,304,309,322,330,341,342,350,351,352,361,371,372
3,0,19,21,38,42,57,63,76,84,95,105,114,126,133,147,152,168,171,189,190,209,210,228,231,247,252,266,273,285,294,304,315,323,336,342,357,361,378,380,399
3,0,1,2,17,18,19,20,21,22,23,36,37,38,39,40,41,42,43,44,55,56,57,58,59,61,62,63,64,65,74,75,76,77,78,82,83,84,85,86,93,94,95,96,97,103,104,105,106,107,112,113,114,115,116,124,125,126,127,128,131,132,133,134,135,145,146,147,148,149,150,151,152,153,154,166,167,168,169,170,171,172,173,187,188,189,190,191,192,207,208,209,210,211,212,226,227,228,229,230,231,232,233,245,246,247,248,249,250,251,252,253,254,264,265,266,267,268,271,272,273,274,275,283,284,285,286,287,292,293,294,295,296,302,303,304,305,306,313,314,315,316,317,321,322,323,324,325,334,335,336,337,338,340,341,342,343,344,355,356,357,358,359,360,361,362,363,376,377,378,379,380,381,382,397,398,399
3,42,56,63,75,84,94,105,113,126,132,147,151,168,170,189,208,210,227,231,246,252,265,273,284,294,303,315,322,336
3,84,99,105,118,126,137,147,156,168,175,189,194,210,213,231,232,252,271,273,290,294,309,315,328,336,347,357,366,378,385,399
3,1,16,22,35,43,54,64,73,85,92,106,111,127,130,148,149,168,169,187,190,206,211,225,232,244,253,263,274,282,295,316
3,63,77,84,96,105,115,126,134,146,153,167,172,188,191,209,210,229,230,248,251,267,272,286,293,305,313,324,334,343,355,376
3,6,19,27,38,48,57,68,76,89,95,110,114,131,133,152,171,172,190,193,209,214,228,235,247,256,266,276,285,297,318
3,0,14,21,33,42,52,63,71,84,90,105,109,126,128,147,166,168,185,189,204,210,223,231,242,252,261,273,280,294
3,42,56,63,75,84,94,105,113,126,132,147,151,168,170,188,189,207,209,226,230,245,251,264,272,283,293,302,314,335
3,5,17,26,36,47,56,67,75,88,95,109,114,130,133,150,153,171,172,192,211,213,231,233,250,254,269,275,289,296,308,316,328,337,347,358
3,59,63,78,84,97,105,115,116,126,134,147,153,168,172,189,191,209,210,228,231,247,252,266,273,285,294,303,304,315,322,336,341,357
3,0,1,2,3,15,16,17,20,21,22,23,24,34,35,36,37,42,43,44,45,53,54,55,56,57,63,64,65,66,72,73,74,75,76,84,85,86,87,91,92,93,94,95,105,106,107,108,110,111,112,113,114,126,127,128,129,130,131,132,133,147,148,149,150,151,152,167,168,169,170,171,186,187,188,189,190,191,192,205,206,207,208,209,210,211,212,213,224,225,226,227,228,231,232,233,234,235,243,244,245,246,247,252,253,254,255,256,262,263,264,265,266,273,274,275,276,277,282,283,284,285,294,295,296,297,302,303,304,315,316,317
3,1,2,3,4,14,15,16,21,22,23,24,33,34,35,36,42,43,44,45,53,54,55,63,64,65,66,72,73,74,75,84,85,86,87,92,93,94,105,106,107,108,111,112,113,114,126,127,128,129,131,132,133,146,147,148,149,150,151,152,153,167,168,169,170,171,172,188,189,190,191,209,210,211,212,228,229,230,231,232,233,247,248,249,250,251,252,253,254,267,268,269,271,272,273,274,286,287,288,289,292,293,294,295,306,307,308,313,314,315,316,325,326,327,328,334,335,336,337,345,346,347,355,356,357,358,364,365,366,367,376,377,378,384,385,386,397,398
3,80,81,82,94,95,96,100,101,102,103,113,114,115,116,121,122,123,124,132,133,134,135,136,142,143,144,145,151,152,153,154,163,164,165,166,170,171,172,173,184,185,186,187,188,189,190,191,192,205,206,207,208,209,210,211,226,227,228,229,230,245,246,247,248,249,250,251,264,265,266,267,269,270,271,272,283,284,285,286,290,291,292,293,301,302,303,304,305,311,312,313,314,315,321,322,323,324,332,333,334,335,336,342,343,353,354,355,356,374,375,376
3,2,3,4,13,14,15,22,23,24,25,33,34,35,43,44,45,46,52,53,54,55,64,65,66,71,72,73,74,84,85,86,87,91,92,93,105,106,107,110,111,112,113,126,127,128,129,130,131,132,146,147,148,149,150,151,167,168,169,170,171,187,188,189,190,207,208,209,210,211,226,227,228,229,230,231,246,247,248,249,250,251,252,265,266,267,268,270,271,272,273,284,285,286,287,291,292,293,304,305,306,311,312,313,314,323,324,325,326,332,333,334,342,343,344,345,353,354,355,362,363,364,373,374,375,376,383,384,394,395,396
3,26,46,47,67,88,98,99,108,109,117,129,130,136,150,151,155,171,174,192,193,212,232,233,251,253,270,274,289,290,294,295,308,309,315,316,327,328,336,337,357,358
3,24,25,45,53,54,65,66,73,86,92,106,111,127,130,147,148,149,168,187,188,189,206,207,209,225,226,230,245,250,264,271,282,283,291,312,332
3,38,39,47,58,67,68,77,88,96,108,116,129,135,149,150,155,170,173,174,191,193,211,212,213,232,251,252,253,271,273,290,293,310,314,329,334,348,355
3,53,64,72,73,85,92,105,111,125,126,131,146,150,166,169,186,188,207,226,227,246,247,265,268,284,288,303,308,322,323,328,329,342
3,62,63,64,75,76,77,82,83,84,85,94,95,96,97,102,103,104,105,106,113,114,115,116,117,123,124,125,126,132,133,134,135,136,144,145,146,147,151,152,153,154,155,165,166,167,168,170,171,172,173,174,186,187,188,189,190,191,192,193,207,208,209,210,211,212,227,228,229,230,231,246,247,248,249,250,251,252,265,266,267,268,269,270,271,272,273,284,285,286,287,288,291,292,293,294,303,304,305,306,307,312,313,314,315,322,323,324,325,326,333,334,335,336,342,343,344,345,354,355,356,362,363,364,374,375,376
3,63,75,84,94,105,113,126,132,147,152,168,171,189,190,209,210,228,230,247,251,266,272,285,293,305,314,324,335,343,356,362
3,84,98,105,117,126,135,136,147,154,168,173,189,192,210,211,229,230,232,248,253,267,274,286,295,304,305,316,323,337,342
3,42,58,63,77,84,85,95,96,106,114,127,133,148,151,152,169,170,189,191,207,208,212,226,233,245,254,255,263,264,276,282,297
3,42,43,44,56,57,58,62,63,64,65,75,76,77,78,82,83,84,85,86,94,95,96,97,98,104,105,106,107,113,114,115,116,125,126,127,128,131,132,133,134,135,146,147,148,149,150,151,152,153,154,167,168,169,170,171,172,173,188,189,190,191,206,207,208,209,210,211,212,225,226,227,228,229,230,231,232,233,244,245,246,247,248,251,252,253,254,263,264,265,266,272,273,274,275,276,281,282,283,284,285,293,294,295,296,297,301,302,303,304,314,315,316,317,318,321,322,323,335,336,337,338,356,357,358
3,2,3,4,13,14,15,22,23,24,25,33,34,35,43,44,45,46,52,53,54,55,64,65,66,71,72,73,74,84,85,86,87,91,92,93,105,106,107,110,111,112,126,127,128,129,130,131,132,146,147,148,149,150,151,167,168,169,170,187,188,189,190,206,207,208,209,210,211,226,227,228,229,230,231,245,246,247,248,249,250,251,252,264,265,266,267,270,271,272,273,284,285,286,291,292,293,303,304,305,311,312,313,314,322,323,324,325,332,333,334,341,342,343,344,353,354,355,361,362,363,373,374,375,376,382,394,395,396
3,3,4,5,15,16,17,23,24,25,26,34,35,36,37,43,44,45,46,47,54,55,56,64,65,66,67,73,74,75,76,85,86,87,88,93,94,95,106,107,108,109,112,113,114,127,128,129,130,131,132,133,134,148,149,150,151,152,153,169,170,171,172,173,190,191,192,193,209,210,211,212,213,214,229,230,231,232,233,234,235,248,249,250,251,253,254,255,256,268,269,270,274,275,276,277,287,288,289,295,296,297,298,306,307,308,309,316,317,318,319,326,327,328,337,338,339,345,346,347,348,357,358,359,365,366,367,378,379,386
3,15,16,17,34,35,36,37,53,54,55,56,57,60,61,73,74,75,76,80,81,82,92,93,94,95,100,101,102,103,111,112,113,114,121,122,123,124,125,130,131,132,133,142,143,144,145,146,149,150,151,152,163,164,165,166,167,168,169,170,171,185,186,187,188,189,190,206,207,208,209,210,225,226,227,228,229,230,231,232,244,245,246,247,249,250,251,252,253,263,264,265,266,270,271,272,273,274,282,283,284,285,292,293,294,295,296,301,302,303,304,313,314,315,316,317,320,321,322,323,334,335,336,337,338,340,341,342,343,356,357,358,359,360,361,362,377,378,379,380,381,398,399
3,6,7,8,16,17,18,19,25,26,27,28,29,36,37,38,39,45,46,47,48,49,50,55,56,57,58,59,65,66,67,68,69,70,71,74,75,76,77,78,79,86,87,88,89,90,91,92,94,95,96,97,98,99,107,108,109,110,111,112,113,114,115,116,117,118,128,129,130,131,132,133,134,135,136,137,149,150,151,152,153,154,155,156,157,170,171,172,173,174,175,176,190,191,192,193,194,195,196,197,209,210,211,212,213,214,215,216,217,218,229,230,231,232,233,234,235,236,237,238,239,248,249,250,251,252,253,254,255,256,257,258,259,267,268,269,270,271,272,275,276,277,278,279,287,288,289,290,291,292,296,297,298,299,307,308,309,310,311,317,318,319,328,329,330,338,339
3,36,37,38,55,56,57,58,59,74,75,76,77,78,79,93,94,95,96,97,98,99,100,101,112,113,114,115,116,117,118,120,121,122,123,131,132,133,134,135,136,137,140,141,142,143,144,150,151,152,153,154,155,156,160,161,162,163,164,165,166,169,170,171,172,173,174,175,180,181,182,183,184,185,186,187,188,189,190,191,192,193,194,201,202,203,204,205,206,207,208,209,210,211,212,213,222,223,224,225,226,227,228,229,230,231,232,244,245,246,247,248,249,250,251,252,253,263,264,265,266,267,268,269,270,271,272,273,274,282,283,284,285,286,287,288,289,290,291,292,293,294,295,296,301,302,303,304,305,306,307,309,310,311,312,313,314,315,316,317,320,321,322,323,324,325,326,330,331,332,333,334,335,336,337,338,339,340,341,342,343,344,345,352,353,354,355,356,357,358,359,360,361,362,363,364,374,375,376,377,378,379,380,381,382,383,395,396,397,398,399
0,0,1,2,3,4,5,6,7,8,9,10,11,12,13,14,15,16,17,18,19,21,38,41,58,62,77,82,97,103,116,123,136,144,155,164,175,185,194,205,214,226,233,246,253,267,272,287,292,308,311,328,331,349,350,369,370,389
0,24,25,26,27,28,29,30,31,32,33,34,35,36,37,38,44,58,65,77,85,97,106,116,126,136,146,156,167,175,187,195,208,214,228,234,248,254,269,273,289,293,309,313,330,332,350,352,371,391
0,61,62,63,64,65,66,67,68,69,70,71,72,73,74,75,76,82,95,102,115,123,134,143,154,164,173,184,193,205,212,225,232,246,251,266,271,287,290,307,310,328,329,348,349,368
0,11,12,13,14,15,16,17,18,19,31,39,51,59,72,78,92,98,112,118,132,138,153,157,173,177,193,197,213,217,233,237,254,256,274,276,294,296,314,316,335,355,375
0,162,163,164,165,166,167,168,169,170,171,172,173,174,175,176,177,178,183,197,203,217,224,236,245,255,266,274,286,294,307,313,328,332,349,351,369,371,390
0,22,23,24,25,26,27,28,29,30,31,32,33,34,35,36,37,38,39,43,58,63,78,84,97,105,116,125,136,146,155,167,174,187,194,208,213,229,232,249,252,270,271,290
0,0,1,2,3,4,5,6,7,8,9,10,11,12,13,14,15,16,17,18,19,21,39,42,58,63,77,83,97,104,116,125,135,146,154,167,173,188,192,208,212,229,231,250
0,40,41,42,43,44,45,46,47,48,49,50,51,52,53,54,55,56,57,58,59,61,78,81,98,102,117,122,137,143,156,163,176,184,195,204,215,225,234,246,253,266,273,287,292,307,312,328,331,348,351,369,370,389
0,40,41,42,43,44,45,46,47,48,49,50,51,52,53,54,55,56,57,58,59,61,81,102,123,143,164,179,185,198,205,218,226,237,247,256,267,276,288,295,309,314,329,334,350,353,371,372,391
0,20,21,22,23,24,25,26,27,28,29,30,31,32,33,34,35,36,37,38,39,58,77,97,116,135,154,160,174,181,193,202,212,223,231,243,251,264,270,285,289,306,308,326,328,347
0,45,46,47,65,67,68,69,70,71,72,73,74,75,85,93,94,95,96,97,105,116,125,126,135,136,146,155,166,174,175,186,194,206,207,213,214,227,232,233,247,252,268,271,272,288,291,308,309,310,311,329,330,349,350
0,23,24,25,26,27,28,29,36,37,38,39,43,44,49,50,51,52,53,54,55,56,57,58,59,64,78,84,85,97,98,105,117,125,136,137,145,156,166,175,176,186,195,206,207,215,227,234,247,248,253,254,268,272,273,288,289,292,309,311,312,329,330,331,350,351,370
0,97,104,105,106,107,108,109,110,111,112,113,114,115,116,117,124,125,128,129,130,137,145,156,165,166,176,186,187,196,207,208,215,216,228,235,248,249,255,269,275,289,290,294,310,311,314,331,333,334,351,352,353
0,23,24,25,26,27,28,29,30,31,32,33,34,35,36,43,52,53,54,55,56,63,76,83,95,96,103,104,115,124,134,135,144,154,164,165,173,185,192,193,205,211,212,225,231,246,251,266,267,270,287,290,307,309,310,328,329,348
0,32,33,42,45,46,47,48,49,50,51,52,53,62,63,64,65,71,72,82,91,102,110,122,130,143,149,150,163,169,183,189,203,208,223,224,228,244,247,264,267,284,286,287,305,306,325,345
0,20,21,22,23,24,25,26,27,28,29,30,31,32,33,34,35,36,37,38,41,57,61,77,82,96,102,116,123,135,143,155,164,174,184,194,205,213,225,233,246,252,266,272,287,291,307,311,328,330,348,350,369,389
0,63,64,65,66,67,68,69,70,71,72,73,74,75,76,77,78,79,84,98,104,118,125,137,145,157,166,176,186,196,207,215,227,235,248,254,268,274,289,293,309,313,330,332,350,352,371,391
0,65,66,67,68,69,70,71,72,73,74,75,76,85,96,106,115,126,135,147,154,167,174,188,193,208,213,228,233,249,252,269,272,290,291,310,311,330
0,21,22,23,24,25,26,27,28,29,30,31,32,33,34,35,36,37,41,57,62,76,82,96,103,115,123,135,144,154,164,174,185,193,205,213,225,233,246,252,266,272,287,291,307,311,328,330,348,350,369,389
0,2,3,4,5,6,7,8,9,10,11,12,13,14,15,16,17,18,19,22,39,43,58,63,78,84,97,104,117,125,136,145,156,166,175,186,195,207,214,227,234,248,253,268,273,289,292,309,312,330,331,350,351,370
0,0,21,38,41,58,62,77,82,97,103,116,123,136,144,155,164,175,185,194,205,214,226,233,246,253,267,272,287,292,308,311,328,331,349,350,369,370,389
0,4,5,6,7,8,9,10,11,12,13,14,15,16,17,18,19,25,39,45,59,66,78,86,98,107,117,128,136,148,156,169,175,190,194,210,214,231,233,251,253,272
0,0,1,2,3,4,5,6,7,8,9,10,11,12,13,20,33,41,52,61,72,82,91,102,111,123,130,143,150,164,169,184,189,205,208,225,228,246,247,266,267,286
0,0,1,2,3,4,5,6,7,8,9,10,11,12,13,14,15,20,35,41,54,61,74,82,93,102,113,123,132,143,152,164,171,184,191,205,210,225,230,246,249,266,269,287,288,307,308,327
0,43,44,45,46,47,48,49,50,51,52,53,54,55,56,57,62,63,64,65,66,67,68,69,70,71,72,73,74,75,76,77,78,82,83,84,85,86,87,88,89,90,91,92,93,94,95,96,97,98,103,104,105,115,116,117,123,124,125,126,134,135,136,137,144,145,146,154,155,156,164,165,166,167,174,175,176,185,186,187,193,194,195,205,206,207,213,214,215,226,227,228,232,233,234,246,247,248,252,253,254,267,268,269,271,272,273,287,288,289,291,292,293,307,308,309,310,311,312,313,328,329,330,331,332,348,349,350,351,352,369,370,371,390
0,41,42,43,44,45,46,47,48,49,50,51,52,53,54,55,56,60,61,62,63,64,65,66,67,68,69,70,71,72,73,74,75,76,77,80,81,82,83,84,85,86,87,88,89,90,91,92,93,94,95,96,97,101,102,103,114,115,116,121,122,123,124,133,134,135,136,142,143,144,153,154,155,162,163,164,165,172,173,174,175,183,184,185,192,193,194,203,204,205,206,211,212,213,214,224,225,226,231,232,233,244,245,246,247,250,251,252,253,265,266,267,270,271,272,285,286,287,288,289,290,291,292,306,307,308,309,310,311,326,327,328,329,330,331,347,348,349,350,367,368,369,370,388,389
0,4,5,6,7,8,9,10,11,12,13,14,15,16,17,18,23,24,25,26,27,28,29,30,31,32,33,34,35,36,37,38,39,43,44,45,46,47,48,49,50,51,52,53,54,55,56,57,58,59,64,65,66,76,77,78,84,85,86,87,95,96,97,98,105,106,107,115,116,117,125,126,127,128,135,136,137,146,147,148,154,155,156,166,167,168,174,175,176,187,188,189,193,194,195,207,208,209,213,214,215,228,229,230,232,233,234,248,249,250,252,253,254,268,269,270,271,272,273,274,289,290,291,292,293,309,310,311,312,313,330,331,332,351
0,0,1,2,3,4,5,6,7,8,9,10,11,12,13,14,15,20,21,22,23,24,25,26,27,28,29,30,31,32,33,34,35,40,41,42,43,44,45,46,47,48,49,50,51,52,53,54,55,60,61,62,72,73,74,80,81,82,92,93,94,101,102,103,111,112,113,121,122,123,131,132,133,142,143,144,150,151,152,162,163,164,170,171,172,182,183,184,185,189,190,191,192,203,204,205,209,210,211,223,224,225,226,228,229,230,231,244,245,246,248,249,250,264,265,266,268,269,270,285,286,287,288,289,305,306,307,308,309,325,326,327,328,329,346,347,348,367
0,0,1,2,3,4,5,6,7,8,9,10,11,12,13,14,15,16,17,20,21,22,23,24,25,26,27,28,29,30,31,32,33,34,35,36,37,38,40,41,42,43,44,45,46,47,48,49,50,51,52,53,54,55,56,57,58,60,61,62,75,76,77,80,81,82,83,94,95,96,97,101,102,103,114,115,116,121,122,123,124,133,134,135,136,142,143,144,153,154,155,162,163,164,165,172,173,174,175,183,184,185,192,193,194,203,204,205,206,211,212,213,214,224,225,226,231,232,233,244,245,246,247,250,251,252,253,265,266,267,270,271,272,285,286,287,288,289,290,291,292,306,307,308,309,310,311,326,327,328,329,330,331,347,348,349,350,367,368,369,370,388,389
0,0,1,2,3,4,5,6,7,8,9,10,11,12,13,14,15,16,17,18,19,20,21,22,23,24,25,26,27,28,29,30,31,32,33,34,35,36,37,38,39,41,42,43,58,59,61,62,63,64,77,78,79,82,83,84,97,98,99,102,103,104,105,116,117,118,119,123,124,125,136,137,138,144,145,146,155,156,157,158,164,165,166,175,176,177,185,186,187,194,195,196,205,206,207,208,214,215,216,226,227,228,233,234,235,246,247,248,249,252,253,254,255,267,268,269,272,273,274,287,288,289,290,291,292,293,294,308,309,310,311,312,313,328,329,330,331,332,333,349,350,351,352,369,370,371,372,390,391
0,63,64,65,66,67,68,83,84,85,86,87,88,89,90,91,92,93,94,95,96,97,98,99,104,105,108,109,110,111,112,113,114,115,116,117,118,119,124,125,137,138,139,144,145,146,157,158,165,166,177,178,185,186,196,197,198,205,206,207,216,217,226,227,228,235,236,237,247,248,254,255,256,267,268,269,274,275,288,289,290,293,294,295,309,310,313,314,329,330,331,332,333,334,350,351,352,353,371,372,373,391,392
0,61,62,63,64,65,66,67,68,69,70,81,82,83,84,85,86,87,88,89,90,91,92,93,94,95,96,97,98,102,103,104,110,111,112,113,114,115,116,117,123,124,135,136,143,144,145,154,155,156,164,165,173,174,175,184,185,186,193,194,205,206,212,213,214,225,226,227,232,233,246,247,251,252,253,266,267,268,271,272,287,288,289,290,291,292,308,309,310,311,329,330,331
0,4,5,6,7,8,9,12,13,14,15,16,24,25,26,27,28,29,30,31,32,33,34,35,36,37,38,39,45,46,49,50,51,52,56,57,58,59,65,66,67,78,79,86,87,98,99,106,107,108,117,118,119,127,128,137,138,147,148,149,157,158,168,169,177,178,188,189,190,196,197,198,209,210,216,217,229,230,231,236,237,250,251,255,256,257,270,271,272,275,276,291,292,295,296,311,312,313,314,315,316,332,333,334,335
0,80,81,82,83,84,85,86,87,88,89,90,91,92,93,94,95,100,101,102,103,104,105,106,107,108,109,110,111,112,113,114,115,120,133,134,135,140,141,153,154,160,161,172,173,174,180,181,182,192,193,201,202,211,212,213,221,222,223,230,231,232,242,243,244,250,251,263,264,265,269,270,271,284,285,288,289,290,304,305,307,308,309,324,325,326,327,328,345,346,347,348,365,366,367
0,44,45,46,47,48,49,50,51,52,53,54,55,56,57,64,65,66,67,68,69,70,71,72,73,74,75,76,77,78,79,85,86,97,98,99,105,106,118,119,125,126,127,137,138,139,146,147,157,158,166,167,168,176,177,178,187,188,195,196,197,207,208,209,215,216,228,229,234,235,236,248,249,253,254,255,268,269,270,273,274,289,290,293,294,309,310,311,312,313,314,330,331,332,333,350,351
0,3,4,5,6,7,8,9,23,24,25,26,27,28,29,30,31,32,33,34,43,44,45,49,50,51,52,53,54,55,56,57,58,59,64,65,74,75,76,77,78,79,84,85,86,99,105,106,119,125,126,127,138,139,146,147,158,159,166,167,168,178,179,187,188,197,198,199,207,208,209,217,218,228,229,230,237,238,249,250,256,257,258,269,270,271,276,277,290,291,292,295,296,297,311,312,315,316,331,332,333,334,335,336,352,353,354,355,373,374,375,394,395
0,40,41,42,43,44,45,46,60,61,62,63,64,65,66,67,68,69,70,71,72,73,74,75,80,86,87,88,89,90,91,92,93,94,95,100,113,114,115,120,132,133,134,140,152,153,160,172,173,180,191,192,193,200,201,211,212,220,221,222,229,230,231,232,241,242,248,249,250,261,262,263,268,269,282,283,287,288,289,302,303,304,307,308,323,324,325,326,327,328,344,345,346,347,365
0,42,43,44,45,46,47,48,62,63,64,65,66,67,68,69,70,71,72,73,74,75,76,77,78,83,84,88,89,90,91,92,93,94,95,96,97,98,103,104,105,116,117,118,124,125,135,136,137,144,145,146,155,156,165,166,174,175,176,185,186,187,194,195,206,207,213,214,215,226,227,228,233,234,247,248,252,253,254,267,268,269,272,273,288,289,292,293,308,309,310,311,312,313,329,330,331,332,350,351
0,1,2,3,4,5,6,7,8,9,10,11,12,13,17,18,21,22,23,24,25,26,27,28,29,30,31,32,33,34,35,36,37,38,41,42,45,53,54,55,56,57,58,61,62,63,76,77,82,83,96,97,102,103,115,116,117,122,123,124,135,136,143,144,154,155,156,163,164,165,174,175,184,185,193,194,195,204,205,206,213,214,225,226,232,233,234,245,246,252,253,265,266,267,272,273,286,287,291,292,293,306,307,308,311,312,327,328,330,331,332,347,348,350,351,367,368,369,370,388,389,390
0,1,2,3,4,5,6,7,8,9,10,11,12,13,14,15,16,17,21,22,23,24,25,26,27,28,29,30,31,32,33,34,35,36,37,38,39,41,42,43,57,58,62,63,77,78,82,83,96,97,98,102,103,116,117,122,123,124,135,136,137,143,144,154,155,156,163,164,165,173,174,175,184,185,193,194,204,205,212,213,214,224,225,226,232,233,245,246,251,252,253,265,266,271,272,285,286,287,290,291,292,306,307,310,311,326,327,329,330,331,346,347,348,349,350,367,368,369
0,3,4,5,6,7,8,9,10,11,12,13,14,15,16,17,23,24,37,44,56,57,64,76,84,85,95,96,105,115,125,126,134,146,154,166,173,174,186,193,207,212,213,227,232,247,252,268,271,288,291,308,309,311,329,350
0,7,8,9,10,11,28,31,32,33,34,35,36,37,38,39,48,69,79,89,90,99,110,119,130,131,138,151,158,171,172,178,192,197,212,213,217,233,237,253,257,274,277,294,296,315,316,335,336,356,357,377,378,398
0,23,24,25,42,45,46,47,48,49,50,51,52,53,54,55,56,57,62,77,82,83,96,103,115,116,123,124,135,144,154,164,165,174,185,193,194,205,206,213,226,232,233,246,247,252,267,271,272,287,288,291,308,310,311,328,329,330,349
0,60,61,62,63,64,65,66,80,86,87,88,89,90,91,92,93,94,101,113,114,121,133,141,142,152,162,171,172,182,183,191,203,210,223,224,229,230,244,245,249,265,268,269,285,288,305,306,307,308,326,327,346,347,367
0,3,8,23,24,25,26,27,29,30,31,32,33,34,35,44,55,64,75,84,85,94,105,114,125,133,146,153,166,173,186,192,193,207,212,227,232,247,248,251,268,271,288,290,309,310,329,330,350
0,63,64,65,66,67,68,69,70,71,84,92,93,94,95,96,104,105,115,116,125,135,146,155,166,174,175,187,194,208,214,228,229,233,249,250,253,270,273,290,291,292,311,330,331,332,333,350
0,6,7,26,28,29,30,31,32,33,34,35,36,37,38,39,46,58,66,67,78,87,97,98,107,108,117,128,137,148,149,157,169,176,190,196,210,211,216,231,235,252,255,272,275,292,293,294,313,314,333
0,60,61,62,63,64,65,66,67,68,69,70,71,72,73,80,93,100,113,120,132,133,141,152,162,171,172,182,183,191,203,210,224,230,245,250,265,269,286,289,306,308,326,327,328,347,367,368
0,5,6,13,14,15,16,17,18,25,26,27,28,29,30,31,32,37,45,57,65,66,76,77,86,96,106,115,126,127,135,147,154,155,167,174,188,194,208,214,229,233,249,250,253,270,273,291,292,293,311,312,332,351
0,22,23,24,25,26,27,28,29,30,31,32,33,34,35,36,41,43,55,56,61,75,81,94,95,101,102,114,122,133,143,153,163,164,172,173,184,192,205,211,212,225,226,230,231,246,250,266,269,270,286,287,289,307,308,309,327,328,348

